time (s)	magNum	magX	magY	magZ
435.907431	0.000000	13.694336	55.336914	-1311.693359	1.000000	-233.140625	402.060547	-190.843750	2.000000	-191.068359	-282.403320	-189.183594	3.000000	355.070312	50.333008	-168.039062
435.926963	0.000000	12.229492	53.579102	-1312.474609	1.000000	-233.824219	402.353516	-190.941406	2.000000	-191.166016	-281.524414	-188.304687	3.000000	355.363281	49.844727	-168.234375
435.947545	0.000000	10.374023	50.649414	-1312.083984	1.000000	-234.996094	402.255859	-192.015625	2.000000	-190.677734	-281.036133	-187.132812	3.000000	356.535156	49.161133	-169.308594
435.967065	0.000000	7.151367	48.793945	-1312.083984	1.000000	-235.972656	401.669922	-191.820312	2.000000	-190.580078	-279.766602	-185.472656	3.000000	357.121094	48.965820	-170.773437
435.985456	0.000000	3.733398	47.915039	-1312.572266	1.000000	-236.460937	401.279297	-191.820312	2.000000	-190.873047	-278.790039	-185.082031	3.000000	357.902344	48.477539	-171.750000
436.004971	0.000000	1.096680	48.403320	-1313.353516	1.000000	-236.851562	400.400391	-191.136719	2.000000	-191.263672	-278.497070	-184.300781	3.000000	358.097656	48.575195	-172.531250
436.025569	0.000000	-0.661133	49.379883	-1313.255859	1.000000	-236.656250	400.009766	-190.453125	2.000000	-191.166016	-278.106445	-185.082031	3.000000	358.976562	49.063477	-172.921875
436.047463	0.000000	-1.637695	49.184570	-1313.646484	1.000000	-236.656250	399.912109	-190.648437	2.000000	-191.654297	-277.911133	-184.593750	3.000000	359.367187	48.770508	-173.410156
436.067001	0.000000	-3.590820	47.719727	-1313.939453	1.000000	-237.339844	399.814453	-190.550781	2.000000	-191.556641	-277.422852	-183.421875	3.000000	359.855469	48.477539	-173.898437
436.087619	0.000000	-6.911133	45.864258	-1313.353516	1.000000	-237.828125	399.228516	-190.550781	2.000000	-191.458984	-276.543945	-182.445312	3.000000	360.734375	48.282227	-175.167969
436.109472	0.000000	-10.426758	45.180664	-1313.548828	1.000000	-239.000000	398.349609	-190.355469	2.000000	-191.849609	-275.567383	-181.468750	3.000000	361.808594	47.989258	-176.535156
436.128986	0.000000	-12.379883	45.668945	-1313.939453	1.000000	-238.707031	397.958984	-189.769531	2.000000	-192.240234	-275.079102	-181.761719	3.000000	362.394531	48.282227	-177.414062
436.149575	0.000000	-13.356445	47.719727	-1314.427734	1.000000	-238.121094	397.568359	-189.085937	2.000000	-192.435547	-275.372070	-181.957031	3.000000	362.687500	48.672852	-177.707031
436.169095	0.000000	-14.040039	48.989258	-1314.232422	1.000000	-237.925781	396.982422	-188.792969	2.000000	-192.923828	-275.469727	-182.640625	3.000000	362.785156	49.258789	-177.707031
436.187490	0.000000	-15.114258	49.672852	-1314.134766	1.000000	-237.730469	396.689453	-188.402344	2.000000	-193.021484	-275.469727	-182.542969	3.000000	363.273437	49.258789	-178.000000
436.207030	0.000000	-17.458008	49.282227	-1314.623047	1.000000	-238.414062	396.103516	-188.011719	2.000000	-193.607422	-274.786133	-182.152344	3.000000	363.468750	49.161133	-179.367187
436.225433	0.000000	-19.997070	48.891602	-1314.916016	1.000000	-238.804687	395.517578	-187.816406	2.000000	-193.705078	-274.297852	-181.273437	3.000000	364.250000	48.965820	-180.050781
436.244953	0.000000	-22.243164	48.598633	-1313.939453	1.000000	-239.097656	395.029297	-187.523437	2.000000	-193.900391	-274.004883	-180.492187	3.000000	364.640625	49.063477	-180.929687
436.264504	0.000000	-22.243164	50.454102	-1314.330078	1.000000	-238.218750	394.638672	-187.035156	2.000000	-193.900391	-274.200195	-181.078125	3.000000	365.226562	49.258789	-180.832031
436.285490	0.000000	-21.754883	52.993164	-1314.720703	1.000000	-237.437500	393.955078	-185.863281	2.000000	-194.486328	-274.590820	-182.445312	3.000000	364.933594	50.333008	-180.441406
436.305047	0.000000	-22.536133	55.434570	-1314.525391	1.000000	-236.949219	393.662109	-185.082031	2.000000	-194.974609	-274.493164	-183.031250	3.000000	365.421875	50.625977	-180.539062
436.323457	0.000000	-24.391602	56.997070	-1314.818359	1.000000	-236.753906	393.173828	-184.496094	2.000000	-195.560547	-274.590820	-183.324219	3.000000	365.714844	51.114258	-181.320312
436.342974	0.000000	-25.856445	57.485352	-1314.818359	1.000000	-237.144531	392.685547	-184.007812	2.000000	-196.146484	-274.297852	-183.421875	3.000000	365.714844	51.114258	-182.199219
436.363563	0.000000	-27.516602	58.168945	-1314.427734	1.000000	-237.144531	392.001953	-183.714844	2.000000	-196.146484	-274.395508	-183.031250	3.000000	366.398437	51.504883	-182.492187
436.383054	0.000000	-27.223633	59.243164	-1314.134766	1.000000	-237.046875	392.001953	-183.617187	2.000000	-196.244141	-274.786133	-183.031250	3.000000	366.203125	51.114258	-182.589844
436.401450	0.000000	-26.442383	61.489258	-1314.427734	1.000000	-236.363281	391.611328	-182.835937	2.000000	-196.341797	-275.079102	-184.398437	3.000000	366.300781	51.895508	-182.296875
436.420985	0.000000	-25.661133	64.418945	-1314.623047	1.000000	-235.386719	391.123047	-181.664062	2.000000	-197.123047	-275.665039	-185.570312	3.000000	366.789062	52.872070	-181.808594
436.441547	0.000000	-26.051758	68.227539	-1314.720703	1.000000	-235.093750	390.634766	-180.394531	2.000000	-198.099609	-275.958008	-186.839844	3.000000	366.105469	53.946289	-181.906250
436.461067	0.000000	-26.833008	70.864258	-1315.013672	1.000000	-234.214844	389.658203	-179.710937	2.000000	-198.685547	-276.250977	-187.132812	3.000000	366.593750	54.239258	-182.394531
436.479459	0.000000	-27.418945	72.133789	-1315.501953	1.000000	-234.312500	389.365234	-179.417969	2.000000	-198.978516	-276.543945	-187.718750	3.000000	366.593750	54.434570	-182.687500
436.498982	0.000000	-26.735352	72.426758	-1314.720703	1.000000	-233.921875	389.560547	-179.613281	2.000000	-198.978516	-276.641602	-187.816406	3.000000	366.203125	54.434570	-182.003906
436.519573	0.000000	-24.977539	74.477539	-1315.208984	1.000000	-233.433594	389.462891	-179.320312	2.000000	-199.173828	-277.618164	-188.695312	3.000000	365.910156	54.532227	-181.125000
436.539065	0.000000	-23.415039	77.407227	-1315.111328	1.000000	-232.554687	389.169922	-178.441406	2.000000	-199.662109	-278.008789	-189.964844	3.000000	365.226562	55.606445	-181.027344
436.557456	0.000000	-23.219727	81.411133	-1314.818359	1.000000	-231.675781	388.681641	-177.171875	2.000000	-200.248047	-278.790039	-191.429687	3.000000	365.031250	56.680664	-181.222656
436.577021	0.000000	-22.829102	85.317383	-1315.013672	1.000000	-230.699219	388.193359	-176.195312	2.000000	-201.419922	-279.180664	-192.601562	3.000000	365.226562	57.559570	-180.929687
436.595399	0.000000	-22.438477	87.172852	-1314.037109	1.000000	-230.308594	387.509766	-175.316406	2.000000	-201.908203	-279.961914	-193.675781	3.000000	365.128906	58.145508	-180.734375
436.614925	0.000000	-20.778320	88.344727	-1314.232422	1.000000	-229.429687	387.802734	-175.414062	2.000000	-201.517578	-280.450195	-194.066406	3.000000	364.835937	57.950195	-180.050781
436.635508	0.000000	-18.532227	89.223633	-1313.841797	1.000000	-228.843750	387.900391	-175.218750	2.000000	-201.419922	-280.938477	-194.945312	3.000000	363.664062	58.047852	-179.171875
436.655057	0.000000	-16.383789	91.079102	-1313.841797	1.000000	-228.843750	387.900391	-175.218750	2.000000	-201.908203	-281.817383	-195.628906	3.000000	363.175781	58.633789	-178.488281
436.673450	0.000000	-15.895508	94.301758	-1313.646484	1.000000	-227.964844	387.509766	-174.242187	2.000000	-202.494141	-282.598633	-196.996094	3.000000	362.589844	59.415039	-178.195312
436.693019	0.000000	-14.918945	98.305664	-1313.158203	1.000000	-226.988281	387.021484	-172.679687	2.000000	-202.787109	-283.184570	-198.558594	3.000000	362.589844	60.293945	-177.804687
436.711418	0.000000	-14.040039	101.723633	-1313.060547	1.000000	-226.304687	386.826172	-171.703125	2.000000	-203.861328	-284.063477	-200.218750	3.000000	362.296875	61.270508	-177.121094
436.730945	0.000000	-11.500977	104.067383	-1312.572266	1.000000	-225.035156	386.826172	-171.703125	2.000000	-203.958984	-284.942383	-201.195312	3.000000	361.710937	61.563477	-176.046875
436.751537	0.000000	-8.668945	104.653320	-1312.279297	1.000000	-224.644531	387.119141	-172.191406	2.000000	-204.154297	-285.723633	-202.074219	3.000000	361.027344	61.270508	-175.265625
436.771042	0.000000	-5.739258	105.922852	-1311.888672	1.000000	-224.058594	387.607422	-172.289062	2.000000	-203.568359	-286.602539	-202.757812	3.000000	359.855469	61.856445	-174.191406
436.789438	0.000000	-4.567383	107.387695	-1311.791016	1.000000	-223.863281	387.412109	-171.996094	2.000000	-204.056641	-287.090820	-203.246094	3.000000	359.660156	62.247070	-173.898437
436.808941	0.000000	-3.395508	110.903320	-1312.083984	1.000000	-223.082031	387.216797	-171.019531	2.000000	-204.642578	-287.579102	-205.199219	3.000000	359.367187	62.637695	-173.507812
436.829510	0.000000	-1.540039	114.321289	-1311.009766	1.000000	-222.203125	386.728516	-169.945312	2.000000	-205.130859	-288.848633	-206.371094	3.000000	358.488281	63.711914	-172.824219
436.849080	0.000000	1.487305	117.055664	-1310.326172	1.000000	-221.031250	387.119141	-169.359375	2.000000	-205.228516	-289.727539	-207.933594	3.000000	357.902344	64.297852	-171.554687
436.867443	0.000000	4.124023	118.422852	-1310.130859	1.000000	-220.445312	387.314453	-169.652344	2.000000	-205.130859	-290.704102	-209.203125	3.000000	357.414062	64.590820	-170.382812
436.886972	0.000000	7.346680	119.204102	-1309.544922	1.000000	-220.152344	387.802734	-169.652344	2.000000	-205.130859	-291.387695	-209.984375	3.000000	356.535156	64.590820	-169.406250
436.907546	0.000000	9.788086	119.497070	-1309.251953	1.000000	-219.957031	387.900391	-170.042969	2.000000	-204.935547	-291.973633	-210.570312	3.000000	355.656250	64.493164	-168.820312
436.927046	0.000000	10.862305	121.254883	-1309.447266	1.000000	-219.566406	388.193359	-169.652344	2.000000	-205.130859	-292.754883	-210.960937	3.000000	355.070312	64.590820	-168.429687
436.945446	0.000000	12.131836	123.208008	-1309.056641	1.000000	-218.980469	387.900391	-169.554687	2.000000	-205.423828	-293.243164	-211.937500	3.000000	354.777344	65.079102	-167.648437
436.964999	0.000000	14.963867	126.235352	-1308.373047	1.000000	-217.808594	387.900391	-168.773437	2.000000	-205.716797	-294.219727	-213.792969	3.000000	354.191406	65.762695	-166.378906
436.985600	0.000000	18.577148	128.188477	-1308.080078	1.000000	-217.320312	388.583984	-168.675781	2.000000	-205.814453	-295.391602	-215.453125	3.000000	353.019531	66.250977	-165.500000
437.007480	0.000000	21.799805	128.872070	-1307.201172	1.000000	-216.539062	388.974609	-168.675781	2.000000	-205.521484	-295.977539	-216.625000	3.000000	351.945312	66.055664	-164.230469
437.026992	0.000000	24.045898	128.286133	-1307.298828	1.000000	-216.441406	389.462891	-169.164062	2.000000	-204.935547	-296.661133	-216.039062	3.000000	351.164062	66.055664	-163.644531
437.047553	0.000000	25.120117	127.700195	-1307.201172	1.000000	-216.343750	389.462891	-169.847656	2.000000	-204.642578	-296.856445	-216.527344	3.000000	351.066406	65.762695	-163.156250
437.067039	0.000000	26.877930	128.676758	-1306.517578	1.000000	-216.050781	389.658203	-169.457031	2.000000	-204.740234	-297.247070	-217.015625	3.000000	350.089844	65.860352	-162.667969
437.085459	0.000000	29.221680	129.750977	-1305.931641	1.000000	-215.367187	390.146484	-169.554687	2.000000	-204.837891	-297.930664	-218.187500	3.000000	349.308594	66.055664	-161.593750
437.105039	0.000000	32.541992	131.508789	-1304.564453	1.000000	-215.074219	390.732422	-169.652344	2.000000	-204.642578	-298.809570	-219.652344	3.000000	348.820312	66.446289	-160.812500
437.123412	0.000000	34.788086	132.583008	-1304.955078	1.000000	-214.292969	391.025391	-169.554687	2.000000	-204.642578	-299.493164	-220.628906	3.000000	347.648437	66.739258	-159.933594
437.142947	0.000000	37.327148	132.094727	-1305.150391	1.000000	-214.292969	391.611328	-170.140625	2.000000	-204.447266	-300.079102	-220.433594	3.000000	347.550781	66.739258	-159.054687
437.163511	0.000000	38.401367	131.118164	-1304.466797	1.000000	-214.097656	391.708984	-170.531250	2.000000	-203.568359	-300.079102	-219.945312	3.000000	347.453125	65.958008	-158.859375
437.183029	0.000000	38.987305	129.750977	-1304.466797	1.000000	-214.585937	392.294922	-171.214844	2.000000	-203.568359	-300.274414	-219.457031	3.000000	346.671875	65.665039	-158.859375
437.201418	0.000000	40.549805	128.872070	-1304.564453	1.000000	-214.781250	392.880859	-171.507812	2.000000	-203.080078	-300.469727	-219.945312	3.000000	346.671875	65.372070	-157.980469
437.220978	0.000000	43.284180	129.750977	-1304.173828	1.000000	-214.097656	393.076172	-171.800781	2.000000	-202.982422	-301.055664	-220.433594	3.000000	345.988281	65.567383	-157.296875
437.241551	0.000000	46.116211	130.434570	-1303.978516	1.000000	-213.707031	393.564453	-171.996094	2.000000	-202.689453	-301.543945	-221.800781	3.000000	344.328125	65.762695	-156.125000
437.261066	0.000000	47.678711	130.336914	-1304.076172	1.000000	-213.609375	394.345703	-171.605469	2.000000	-202.494141	-301.739258	-221.996094	3.000000	344.718750	65.762695	-155.929687
437.279436	0.000000	48.069336	128.872070	-1303.880859	1.000000	-213.609375	394.443359	-172.484375	2.000000	-202.201172	-301.641602	-221.507812	3.000000	344.132812	65.469727	-155.734375
437.298972	0.000000	48.459961	126.821289	-1303.783203	1.000000	-213.804687	394.931641	-173.070312	2.000000	-201.615234	-301.348633	-220.433594	3.000000	344.230469	64.883789	-156.027344
437.319550	0.000000	49.436523	123.793945	-1304.076172	1.000000	-214.585937	395.908203	-174.339844	2.000000	-201.322266	-301.641602	-219.652344	3.000000	344.230469	64.102539	-155.636719
437.339039	0.000000	51.096680	122.524414	-1303.587891	1.000000	-214.781250	396.591797	-175.218750	2.000000	-200.541016	-301.543945	-219.164062	3.000000	343.546875	63.711914	-154.660156
437.357423	0.000000	53.147461	122.231445	-1303.783203	1.000000	-214.683594	397.080078	-175.511719	2.000000	-200.345703	-301.934570	-219.652344	3.000000	343.546875	63.516602	-154.562500
437.376966	0.000000	53.733398	122.036133	-1303.294922	1.000000	-214.390625	397.373047	-175.218750	2.000000	-200.150391	-301.934570	-219.652344	3.000000	343.156250	63.418945	-153.683594
437.397560	0.000000	53.635742	121.254883	-1303.587891	1.000000	-214.390625	397.470703	-175.218750	2.000000	-199.955078	-301.739258	-219.554687	3.000000	342.960937	63.711914	-154.269531
437.417043	0.000000	53.440430	118.325195	-1303.490234	1.000000	-215.074219	397.763672	-176.390625	2.000000	-199.466797	-301.250977	-218.675781	3.000000	342.960937	62.833008	-154.367187
437.435439	0.000000	53.538086	115.688477	-1303.685547	1.000000	-215.757812	398.740234	-177.367187	2.000000	-199.173828	-300.860352	-217.601562	3.000000	343.351562	62.344727	-154.269531
437.454966	0.000000	53.928711	112.075195	-1304.271484	1.000000	-216.343750	399.423828	-178.636719	2.000000	-198.099609	-300.665039	-216.136719	3.000000	343.351562	61.563477	-153.976562
437.475562	0.000000	55.295898	109.536133	-1303.685547	1.000000	-216.832031	400.107422	-179.808594	2.000000	-197.318359	-300.372070	-215.746094	3.000000	342.863281	61.075195	-153.781250
437.495080	0.000000	55.295898	108.852539	-1303.783203	1.000000	-216.734375	400.107422	-179.808594	2.000000	-197.318359	-300.274414	-215.355469	3.000000	342.960937	60.977539	-153.390625
437.513460	0.000000	54.514648	107.875977	-1304.271484	1.000000	-216.929687	400.205078	-179.515625	2.000000	-197.318359	-299.981445	-215.062500	3.000000	343.253906	60.977539	-153.976562
437.532994	0.000000	53.342773	106.215820	-1304.857422	1.000000	-217.808594	400.498047	-179.906250	2.000000	-196.927734	-299.297852	-214.085937	3.000000	343.742187	60.782227	-154.562500
437.553575	0.000000	52.366211	103.090820	-1304.955078	1.000000	-218.687500	401.083984	-180.980469	2.000000	-196.341797	-298.809570	-213.011719	3.000000	343.839844	59.610352	-154.660156
437.573073	0.000000	52.659180	99.672852	-1305.150391	1.000000	-219.371094	401.865234	-182.640625	2.000000	-195.853516	-298.223633	-211.351562	3.000000	343.839844	58.829102	-154.367187
437.591456	0.000000	52.854492	95.961914	-1305.443359	1.000000	-220.250000	402.548828	-183.617187	2.000000	-194.974609	-297.637695	-210.082031	3.000000	343.546875	58.340820	-155.148437
437.611003	0.000000	52.170898	93.715820	-1305.736328	1.000000	-220.738281	402.939453	-184.007812	2.000000	-194.681641	-296.856445	-209.398437	3.000000	343.449219	57.657227	-154.953125
437.629411	0.000000	50.803711	92.641602	-1306.126953	1.000000	-221.324219	402.451172	-184.300781	2.000000	-194.486328	-296.270508	-208.617187	3.000000	344.328125	57.461914	-155.539062
437.648946	0.000000	49.241211	91.372070	-1306.419922	1.000000	-221.519531	402.646484	-183.714844	2.000000	-194.291016	-295.879883	-207.835937	3.000000	344.621094	57.559570	-156.320312
437.669531	0.000000	47.288086	89.614258	-1307.103516	1.000000	-222.203125	402.646484	-184.691406	2.000000	-194.388672	-294.903320	-207.152344	3.000000	345.109375	57.071289	-156.906250
437.689053	0.000000	46.311523	86.293945	-1306.908203	1.000000	-223.375000	403.330078	-185.472656	2.000000	-193.900391	-294.317383	-205.492187	3.000000	344.914062	56.387695	-156.613281
437.707455	0.000000	46.018555	82.387695	-1307.298828	1.000000	-224.156250	403.916016	-187.132812	2.000000	-193.412109	-293.829102	-204.027344	3.000000	345.109375	55.411133	-157.101562
437.726977	0.000000	44.553711	78.774414	-1307.884766	1.000000	-224.839844	404.404297	-187.718750	2.000000	-192.630859	-293.047852	-202.464844	3.000000	346.085937	54.727539	-157.492187
437.747545	0.000000	42.307617	76.333008	-1308.177734	1.000000	-225.328125	404.208984	-188.304687	2.000000	-192.044922	-291.875977	-201.195312	3.000000	346.476562	54.336914	-158.175781
437.767078	0.000000	39.573242	75.551758	-1308.568359	1.000000	-226.402344	403.916016	-187.718750	2.000000	-191.849609	-291.094727	-199.925781	3.000000	347.355469	54.336914	-159.152344
437.785455	0.000000	37.327148	74.282227	-1308.958984	1.000000	-226.695312	403.623047	-188.109375	2.000000	-192.435547	-290.508789	-199.828125	3.000000	348.136719	53.946289	-160.324219
437.804972	0.000000	35.764648	72.719727	-1308.958984	1.000000	-227.281250	403.720703	-188.597656	2.000000	-192.142578	-289.922852	-198.851562	3.000000	348.625000	53.946289	-160.714844
437.825559	0.000000	35.081055	69.301758	-1309.251953	1.000000	-228.160156	404.306641	-189.574219	2.000000	-191.849609	-289.239258	-197.679687	3.000000	349.015625	52.969727	-160.226562
437.845043	0.000000	32.932617	65.981445	-1309.544922	1.000000	-229.136719	404.404297	-190.257812	2.000000	-191.361328	-288.360352	-195.726562	3.000000	349.699219	52.383789	-161.203125
437.863397	0.000000	30.491211	62.758789	-1310.033203	1.000000	-230.015625	404.306641	-191.039062	2.000000	-190.873047	-287.090820	-194.457031	3.000000	350.187500	51.504883	-162.277344
437.882959	0.000000	27.463867	61.293945	-1310.814453	1.000000	-230.992187	403.720703	-190.746094	2.000000	-190.970703	-286.309570	-192.894531	3.000000	351.457031	51.504883	-163.546875
437.903556	0.000000	24.631836	60.708008	-1311.693359	1.000000	-231.480469	403.525391	-190.453125	2.000000	-190.580078	-285.528320	-192.503906	3.000000	352.042969	51.309570	-164.523437
437.923081	0.000000	22.874023	60.024414	-1311.400391	1.000000	-231.871094	403.525391	-190.648437	2.000000	-191.166016	-284.942383	-192.406250	3.000000	352.238281	51.016602	-164.816406
437.941463	0.000000	21.702148	59.145508	-1311.693359	1.000000	-231.871094	403.525391	-190.941406	2.000000	-191.166016	-284.454102	-191.625000	3.000000	352.042969	50.918945	-165.011719
437.960999	0.000000	19.651367	56.215820	-1311.302734	1.000000	-232.457031	403.623047	-191.234375	2.000000	-190.775391	-283.672852	-190.062500	3.000000	353.019531	50.430664	-165.988281
437.979394	0.000000	16.819336	53.872070	-1311.986328	1.000000	-233.433594	403.232422	-191.722656	2.000000	-190.580078	-282.696289	-188.988281	3.000000	353.898437	49.551758	-167.160156
437.998942	0.000000	13.303711	51.137695	-1312.083984	1.000000	-234.214844	402.841797	-191.820312	2.000000	-190.189453	-281.817383	-187.132812	3.000000	354.777344	49.161133	-168.136719
438.019502	0.000000	10.471680	50.258789	-1312.181641	1.000000	-235.093750	402.353516	-191.722656	2.000000	-190.580078	-280.938477	-186.839844	3.000000	355.851562	48.965820	-169.503906
438.039071	0.000000	8.323242	50.258789	-1312.279297	1.000000	-235.386719	401.962891	-191.234375	2.000000	-190.580078	-280.450195	-186.351562	3.000000	356.242187	49.063477	-169.894531
438.057465	0.000000	7.346680	50.161133	-1312.572266	1.000000	-235.679687	401.767578	-191.039062	2.000000	-190.677734	-280.352539	-186.156250	3.000000	356.730469	48.965820	-170.187500
438.076999	0.000000	5.979492	49.672852	-1311.986328	1.000000	-235.484375	401.572266	-190.843750	2.000000	-190.873047	-279.766602	-185.667969	3.000000	357.218750	49.063477	-170.480469
438.095403	0.000000	3.342773	48.305664	-1312.376953	1.000000	-236.363281	400.986328	-190.941406	2.000000	-191.263672	-279.278320	-184.789062	3.000000	357.804687	48.770508	-171.554687
438.114920	0.000000	-0.075195	46.352539	-1312.474609	1.000000	-236.949219	400.693359	-191.136719	2.000000	-190.580078	-278.204102	-183.421875	3.000000	358.585937	48.575195	-172.824219
438.135510	0.000000	-3.102539	44.887695	-1312.279297	1.000000	-237.730469	400.205078	-191.136719	2.000000	-191.068359	-277.325195	-182.347656	3.000000	359.757812	47.989258	-173.800781
438.155086	0.000000	-4.860352	44.692383	-1313.060547	1.000000	-237.925781	399.814453	-190.941406	2.000000	-191.166016	-276.836914	-182.445312	3.000000	359.660156	47.696289	-174.484375
438.173486	0.000000	-5.836914	45.668945	-1312.669922	1.000000	-237.730469	399.423828	-190.550781	2.000000	-191.751953	-276.836914	-182.445312	3.000000	360.148437	48.282227	-174.679687
438.193020	0.000000	-7.399414	47.622070	-1312.572266	1.000000	-237.242187	398.935547	-189.574219	2.000000	-191.654297	-276.543945	-182.542969	3.000000	360.734375	48.477539	-175.265625
438.211450	0.000000	-9.254883	47.817383	-1313.548828	1.000000	-237.632812	398.447266	-188.988281	2.000000	-192.044922	-276.348633	-182.347656	3.000000	361.222656	48.770508	-175.949219
438.230959	0.000000	-11.891602	47.036133	-1313.548828	1.000000	-237.925781	397.666016	-188.500000	2.000000	-192.337891	-275.469727	-181.859375	3.000000	362.296875	48.868164	-176.632812
438.251530	0.000000	-14.430664	46.254883	-1313.060547	1.000000	-238.804687	397.080078	-188.988281	2.000000	-192.142578	-275.176758	-181.078125	3.000000	362.882812	48.379883	-177.707031
438.271065	0.000000	-16.188477	46.254883	-1313.451172	1.000000	-238.707031	396.884766	-188.304687	2.000000	-192.435547	-274.981445	-180.785156	3.000000	362.785156	48.282227	-178.097656
438.289450	0.000000	-16.774414	46.938477	-1313.939453	1.000000	-238.609375	396.591797	-188.402344	2.000000	-192.630859	-274.981445	-180.785156	3.000000	363.371094	48.282227	-178.585937
438.309001	0.000000	-17.165039	49.184570	-1314.330078	1.000000	-238.218750	396.103516	-187.230469	2.000000	-193.021484	-274.883789	-181.468750	3.000000	363.468750	48.965820	-178.292969
438.329616	0.000000	-18.825195	51.137695	-1314.037109	1.000000	-238.023437	395.419922	-186.156250	2.000000	-193.607422	-275.079102	-182.054687	3.000000	364.054687	49.551758	-178.976562
438.349110	0.000000	-20.485352	52.797852	-1313.646484	1.000000	-237.632812	394.541016	-185.082031	2.000000	-194.193359	-274.883789	-181.859375	3.000000	364.445312	49.942383	-179.660156
438.367490	0.000000	-22.536133	53.090820	-1313.744141	1.000000	-237.437500	393.955078	-185.082031	2.000000	-194.486328	-274.590820	-181.761719	3.000000	364.835937	50.040039	-180.636719
438.387013	0.000000	-23.317383	53.383789	-1314.232422	1.000000	-237.828125	393.857422	-184.789062	2.000000	-194.583984	-274.493164	-181.566406	3.000000	365.421875	50.040039	-180.734375
438.405407	0.000000	-23.317383	53.774414	-1313.744141	1.000000	-237.730469	393.759766	-184.984375	2.000000	-194.583984	-274.493164	-181.859375	3.000000	365.519531	50.137695	-180.636719
438.424998	0.000000	-23.415039	55.239258	-1314.134766	1.000000	-237.535156	393.369141	-184.300781	2.000000	-194.974609	-274.688477	-182.347656	3.000000	365.617187	50.430664	-180.734375
438.445580	0.000000	-24.000977	58.364258	-1314.134766	1.000000	-236.558594	392.685547	-182.933594	2.000000	-195.658203	-275.079102	-183.226562	3.000000	365.812500	51.016602	-181.027344
438.467450	0.000000	-24.586914	61.879883	-1314.232422	1.000000	-235.972656	391.708984	-181.566406	2.000000	-196.439453	-275.274414	-184.105469	3.000000	365.910156	52.090820	-181.417969
438.486982	0.000000	-26.051758	63.735352	-1314.134766	1.000000	-235.386719	391.318359	-180.687500	2.000000	-197.318359	-275.469727	-184.593750	3.000000	366.593750	52.579102	-181.613281
438.507568	0.000000	-25.954102	65.102539	-1314.134766	1.000000	-235.289062	391.220703	-180.199219	2.000000	-197.318359	-275.860352	-184.886719	3.000000	366.203125	52.872070	-181.808594
438.527067	0.000000	-25.172852	66.176758	-1313.744141	1.000000	-234.996094	391.025391	-180.394531	2.000000	-197.318359	-276.153320	-184.984375	3.000000	366.007812	52.774414	-180.832031
438.545474	0.000000	-24.196289	67.055664	-1314.134766	1.000000	-234.898437	391.416016	-180.589844	2.000000	-197.220703	-276.543945	-185.765625	3.000000	365.714844	52.774414	-180.734375
438.565049	0.000000	-24.489258	69.790039	-1313.939453	1.000000	-234.214844	390.439453	-179.808594	2.000000	-197.806641	-276.836914	-186.937500	3.000000	366.105469	53.848633	-180.539062
438.583450	0.000000	-24.293945	73.598633	-1313.548828	1.000000	-233.140625	389.853516	-177.953125	2.000000	-198.587891	-277.325195	-187.621094	3.000000	365.519531	54.825195	-180.734375
438.602970	0.000000	-24.782227	76.918945	-1314.232422	1.000000	-232.457031	389.169922	-176.976562	2.000000	-199.466797	-277.813477	-189.183594	3.000000	366.007812	55.606445	-180.929687
438.623550	0.000000	-23.805664	79.555664	-1313.939453	1.000000	-232.164062	388.974609	-176.097656	2.000000	-200.150391	-278.692383	-190.160156	3.000000	365.421875	56.192383	-180.441406
438.643043	0.000000	-22.047852	80.922852	-1313.255859	1.000000	-231.285156	389.072266	-176.097656	2.000000	-200.150391	-279.180664	-190.746094	3.000000	364.835937	56.290039	-179.757812
438.661438	0.000000	-20.192383	81.899414	-1313.451172	1.000000	-230.894531	389.072266	-176.195312	2.000000	-199.955078	-279.473633	-191.234375	3.000000	364.640625	56.290039	-178.976562
438.680987	0.000000	-19.313477	83.364258	-1313.451172	1.000000	-230.406250	388.876953	-175.707031	2.000000	-200.052734	-280.059570	-192.015625	3.000000	364.445312	56.778320	-178.585937
438.701576	0.000000	-18.629883	86.586914	-1312.669922	1.000000	-229.429687	388.486328	-175.121094	2.000000	-200.638672	-280.645508	-193.187500	3.000000	364.152344	57.657227	-178.781250
438.721081	0.000000	-17.946289	90.786133	-1313.353516	1.000000	-228.550781	387.900391	-173.558594	2.000000	-201.615234	-281.426758	-194.750000	3.000000	364.152344	58.536133	-178.292969
438.739461	0.000000	-17.067383	94.204102	-1312.572266	1.000000	-227.769531	387.607422	-172.582031	2.000000	-202.201172	-282.208008	-195.921875	3.000000	363.761719	59.317383	-177.804687
438.758990	0.000000	-14.137695	96.450195	-1312.474609	1.000000	-226.792969	387.900391	-172.191406	2.000000	-202.396484	-283.184570	-197.386719	3.000000	362.687500	59.708008	-176.535156
438.779575	0.000000	-11.598633	98.012695	-1311.888672	1.000000	-226.109375	387.705078	-172.386719	2.000000	-202.005859	-284.161133	-198.460937	3.000000	361.808594	59.903320	-175.363281
438.799062	0.000000	-9.645508	99.086914	-1311.498047	1.000000	-225.816406	387.998047	-171.996094	2.000000	-202.201172	-284.356445	-198.851562	3.000000	361.710937	60.000977	-174.972656
438.817451	0.000000	-8.864258	100.942383	-1311.498047	1.000000	-225.621094	387.900391	-171.996094	2.000000	-202.201172	-285.137695	-199.535156	3.000000	361.417969	60.391602	-174.777344
438.837005	0.000000	-7.790039	103.676758	-1311.498047	1.000000	-224.742187	387.412109	-170.824219	2.000000	-202.884766	-285.723633	-200.707031	3.000000	360.832031	60.977539	-174.679687
438.857566	0.000000	-5.836914	107.680664	-1310.912109	1.000000	-223.765625	387.216797	-170.042969	2.000000	-203.666016	-286.602539	-202.562500	3.000000	360.441406	62.051758	-173.703125
438.877074	0.000000	-2.907227	110.610352	-1309.740234	1.000000	-222.984375	387.216797	-169.457031	2.000000	-203.568359	-287.579102	-203.636719	3.000000	359.953125	62.637695	-171.945312
438.895469	0.000000	0.120117	112.563477	-1310.130859	1.000000	-221.910156	387.509766	-169.066406	2.000000	-203.861328	-288.848633	-205.296875	3.000000	358.781250	63.223633	-170.968750
438.914980	0.000000	2.268555	113.735352	-1309.349609	1.000000	-221.226562	387.607422	-169.359375	2.000000	-203.861328	-289.434570	-205.882812	3.000000	358.195312	63.125977	-170.382812
438.935558	0.000000	4.026367	114.321289	-1309.349609	1.000000	-221.226562	387.900391	-169.457031	2.000000	-203.861328	-290.020508	-206.664062	3.000000	357.804687	63.321289	-169.992187
438.955100	0.000000	5.588867	115.883789	-1309.056641	1.000000	-220.835937	387.802734	-169.261719	2.000000	-204.447266	-290.508789	-206.859375	3.000000	357.121094	63.321289	-169.503906
438.973508	0.000000	7.151367	118.129883	-1309.154297	1.000000	-220.152344	387.900391	-168.675781	2.000000	-204.642578	-291.290039	-208.031250	3.000000	356.632812	64.102539	-168.722656
438.993024	0.000000	10.666992	121.059570	-1307.884766	1.000000	-219.273437	388.095703	-168.480469	2.000000	-204.447266	-292.461914	-210.179687	3.000000	355.558594	64.590820	-167.453125
439.011432	0.000000	13.694336	123.403320	-1307.494141	1.000000	-218.199219	388.291016	-167.796875	2.000000	-204.837891	-293.438477	-211.351562	3.000000	354.679687	64.981445	-166.378906
439.030952	0.000000	16.526367	124.575195	-1306.712891	1.000000	-217.417969	388.486328	-167.699219	2.000000	-204.740234	-294.024414	-212.718750	3.000000	354.191406	65.274414	-165.304687
439.051548	0.000000	18.381836	124.868164	-1306.322266	1.000000	-217.222656	388.779297	-167.992187	2.000000	-204.544922	-294.805664	-213.109375	3.000000	353.410156	65.372070	-164.621094
439.071082	0.000000	19.456055	124.672852	-1306.224609	1.000000	-217.027344	388.974609	-168.089844	2.000000	-204.544922	-294.903320	-213.109375	3.000000	353.214844	65.079102	-164.523437
439.089462	0.000000	21.702148	125.649414	-1305.931641	1.000000	-217.125000	389.169922	-168.285156	2.000000	-204.349609	-295.586914	-213.890625	3.000000	352.335937	65.176758	-163.742187
439.109007	0.000000	24.338867	126.918945	-1305.541016	1.000000	-216.441406	389.951172	-168.285156	2.000000	-204.251953	-296.465820	-214.769531	3.000000	351.750000	65.469727	-162.277344
439.127396	0.000000	27.561523	128.872070	-1304.369141	1.000000	-215.464844	389.951172	-168.089844	2.000000	-204.447266	-297.344727	-216.136719	3.000000	350.871094	65.860352	-161.203125
439.146925	0.000000	30.393555	130.239258	-1303.978516	1.000000	-214.683594	390.146484	-167.601562	2.000000	-204.349609	-298.223633	-218.089844	3.000000	350.285156	66.250977	-160.324219
439.167489	0.000000	32.541992	130.922852	-1303.685547	1.000000	-214.488281	390.244141	-167.601562	2.000000	-204.349609	-298.614258	-217.894531	3.000000	349.699219	66.250977	-160.226562
439.187019	0.000000	33.518555	129.946289	-1303.490234	1.000000	-214.488281	390.732422	-168.187500	2.000000	-204.251953	-299.004883	-217.699219	3.000000	349.406250	65.958008	-159.640625
439.205432	0.000000	35.081055	129.067383	-1303.294922	1.000000	-214.585937	391.513672	-168.578125	2.000000	-203.861328	-299.102539	-217.503906	3.000000	348.917969	65.860352	-159.152344
439.224960	0.000000	37.327148	128.676758	-1303.490234	1.000000	-214.683594	392.099609	-169.554687	2.000000	-203.275391	-299.688477	-218.089844	3.000000	348.136719	65.567383	-158.566406
439.245538	0.000000	40.452148	129.555664	-1302.904297	1.000000	-214.097656	392.490234	-169.750000	2.000000	-202.982422	-300.469727	-218.578125	3.000000	347.257812	65.372070	-156.808594
439.265042	0.000000	43.088867	130.532227	-1302.123047	1.000000	-213.316406	392.880859	-169.457031	2.000000	-202.689453	-300.958008	-219.652344	3.000000	346.867187	65.567383	-156.125000
439.283444	0.000000	44.260742	131.215820	-1302.025391	1.000000	-213.023437	392.685547	-169.164062	2.000000	-202.787109	-301.641602	-219.945312	3.000000	346.574219	65.860352	-155.832031
439.302962	0.000000	45.139648	130.336914	-1302.025391	1.000000	-213.414062	393.173828	-169.164062	2.000000	-202.005859	-301.153320	-220.238281	3.000000	345.988281	65.762695	-156.125000
439.323518	0.000000	46.311523	128.481445	-1301.537109	1.000000	-213.804687	394.052734	-170.335937	2.000000	-202.298828	-301.446289	-219.945312	3.000000	345.792969	65.274414	-155.539062
439.343094	0.000000	47.776367	126.625977	-1302.123047	1.000000	-213.902344	394.736328	-171.605469	2.000000	-201.029297	-301.543945	-218.968750	3.000000	345.207031	64.590820	-154.562500
439.361484	0.000000	50.217773	125.356445	-1301.341797	1.000000	-213.609375	395.517578	-172.289062	2.000000	-200.736328	-301.836914	-218.968750	3.000000	344.718750	64.102539	-153.878906
439.381043	0.000000	51.975586	125.063477	-1301.537109	1.000000	-213.414062	396.005859	-171.996094	2.000000	-200.248047	-302.325195	-219.457031	3.000000	344.328125	64.102539	-153.488281
439.399426	0.000000	52.952148	124.868164	-1301.732422	1.000000	-213.316406	396.201172	-172.386719	2.000000	-200.150391	-302.227539	-219.652344	3.000000	344.425781	64.395508	-153.097656
439.418944	0.000000	52.854492	124.868164	-1301.537109	1.000000	-213.609375	396.201172	-172.289062	2.000000	-200.345703	-302.129883	-219.164062	3.000000	344.132812	64.200195	-153.195312
439.439520	0.000000	53.147461	123.208008	-1301.537109	1.000000	-214.000000	396.591797	-172.777344	2.000000	-199.857422	-301.934570	-219.261719	3.000000	343.937500	63.809570	-153.585937
439.459046	0.000000	54.124023	120.180664	-1301.732422	1.000000	-214.390625	397.373047	-173.851562	2.000000	-199.173828	-301.641602	-218.382812	3.000000	343.839844	63.125977	-153.097656
439.477427	0.000000	56.077148	117.446289	-1301.341797	1.000000	-214.585937	398.154297	-174.925781	2.000000	-198.490234	-301.739258	-216.917969	3.000000	343.449219	62.540039	-152.218750
439.496945	0.000000	56.956055	115.200195	-1302.025391	1.000000	-214.976562	399.033203	-176.097656	2.000000	-197.513672	-301.641602	-216.429687	3.000000	343.058594	62.247070	-151.925781
439.517530	0.000000	56.858398	114.125977	-1301.830078	1.000000	-215.171875	399.423828	-176.195312	2.000000	-197.416016	-301.348633	-216.234375	3.000000	342.863281	61.661133	-152.121094
439.537042	0.000000	56.663086	113.442383	-1301.830078	1.000000	-215.464844	399.228516	-176.390625	2.000000	-197.318359	-300.958008	-215.941406	3.000000	342.960937	62.051758	-152.609375
439.555436	0.000000	55.979492	112.270508	-1302.025391	1.000000	-215.953125	399.521484	-176.292969	2.000000	-197.513672	-300.762695	-215.746094	3.000000	343.449219	61.856445	-152.707031
439.574965	0.000000	56.077148	109.829102	-1302.123047	1.000000	-216.050781	400.205078	-177.367187	2.000000	-196.830078	-300.176758	-214.867187	3.000000	343.253906	61.172852	-152.414062
439.594506	0.000000	56.370117	106.704102	-1301.927734	1.000000	-216.734375	400.888672	-178.832031	2.000000	-196.244141	-300.079102	-213.890625	3.000000	342.960937	60.391602	-152.511719
439.615512	0.000000	57.053711	103.286133	-1302.416016	1.000000	-217.417969	401.669922	-179.906250	2.000000	-194.974609	-299.395508	-212.035156	3.000000	343.253906	59.512695	-152.218750
439.635094	0.000000	56.272461	100.161133	-1303.001953	1.000000	-218.101562	402.060547	-180.882812	2.000000	-194.681641	-299.004883	-210.765625	3.000000	343.449219	59.122070	-152.414062
439.653483	0.000000	54.709961	99.086914	-1303.197266	1.000000	-218.589844	402.060547	-180.785156	2.000000	-194.681641	-298.321289	-209.984375	3.000000	343.839844	58.829102	-153.000000
439.673016	0.000000	53.245117	98.012695	-1303.294922	1.000000	-219.273437	401.962891	-180.882812	2.000000	-194.876953	-297.735352	-209.496094	3.000000	344.132812	58.438477	-153.585937
439.691420	0.000000	52.952148	96.450195	-1303.392578	1.000000	-219.468750	402.451172	-180.980469	2.000000	-194.486328	-297.149414	-209.007812	3.000000	344.328125	58.340820	-153.585937
439.710936	0.000000	52.561523	93.618164	-1303.783203	1.000000	-220.347656	403.037109	-181.957031	2.000000	-193.998047	-296.856445	-207.835937	3.000000	344.328125	57.754883	-153.781250
439.731530	0.000000	52.366211	89.711914	-1304.369141	1.000000	-220.738281	403.720703	-183.519531	2.000000	-193.216797	-296.368164	-206.664062	3.000000	344.718750	56.973633	-153.878906
439.751069	0.000000	50.901367	86.586914	-1304.564453	1.000000	-222.105469	404.208984	-184.691406	2.000000	-192.630859	-295.489258	-204.613281	3.000000	345.304687	55.997070	-154.464844
439.769454	0.000000	48.948242	83.461914	-1305.345703	1.000000	-222.886719	404.013672	-185.179687	2.000000	-192.435547	-294.415039	-203.832031	3.000000	345.792969	55.508789	-155.539062
439.788979	0.000000	46.213867	81.606445	-1306.322266	1.000000	-223.570312	403.818359	-185.082031	2.000000	-192.337891	-293.438477	-202.562500	3.000000	346.671875	55.118164	-156.222656
439.809568	0.000000	44.846680	80.629883	-1306.517578	1.000000	-223.960937	403.916016	-185.375000	2.000000	-192.142578	-293.047852	-202.074219	3.000000	346.964844	55.118164	-156.710937
439.829058	0.000000	44.358398	78.969727	-1306.419922	1.000000	-224.351562	404.111328	-185.765625	2.000000	-192.044922	-292.559570	-201.585937	3.000000	346.867187	54.727539	-156.710937
439.847429	0.000000	43.088867	76.333008	-1306.419922	1.000000	-224.839844	404.697266	-186.546875	2.000000	-191.458984	-291.973633	-200.218750	3.000000	347.550781	54.434570	-157.101562
439.866997	0.000000	41.233398	72.817383	-1306.908203	1.000000	-226.109375	404.794922	-187.621094	2.000000	-190.970703	-291.094727	-198.656250	3.000000	347.843750	53.458008	-157.785156
439.887578	0.000000	38.206055	69.204102	-1307.884766	1.000000	-226.890625	404.892578	-188.207031	2.000000	-190.775391	-289.727539	-196.703125	3.000000	348.820312	52.676758	-158.957031
439.907088	0.000000	35.276367	66.665039	-1308.373047	1.000000	-228.257812	404.501953	-188.792969	2.000000	-190.287109	-288.750977	-195.042969	3.000000	349.406250	52.090820	-159.933594
439.925456	0.000000	33.713867	65.786133	-1308.470703	1.000000	-228.746094	404.599609	-188.792969	2.000000	-190.677734	-287.872070	-194.554687	3.000000	349.894531	52.090820	-160.617187
439.944990	0.000000	32.053711	64.614258	-1308.861328	1.000000	-228.843750	404.404297	-188.597656	2.000000	-190.384766	-287.774414	-194.359375	3.000000	349.992187	51.895508	-161.007812
439.965552	0.000000	31.077148	63.442383	-1308.568359	1.000000	-229.136719	404.306641	-188.695312	2.000000	-189.994141	-286.993164	-193.675781	3.000000	351.164062	51.797852	-161.398437
439.985045	0.000000	28.538086	61.196289	-1308.958984	1.000000	-229.917969	404.306641	-188.988281	2.000000	-190.287109	-286.309570	-192.601562	3.000000	351.457031	51.407227	-162.277344
440.003446	0.000000	25.510742	58.364258	-1309.642578	1.000000	-231.382812	404.208984	-189.964844	2.000000	-189.798828	-285.235352	-190.648437	3.000000	352.335937	50.333008	-163.449219
440.022984	0.000000	22.385742	55.336914	-1309.740234	1.000000	-232.359375	404.111328	-190.648437	2.000000	-189.994141	-284.063477	-189.281250	3.000000	353.214844	49.649414	-164.132812
440.043578	0.000000	20.139648	53.579102	-1309.740234	1.000000	-232.652344	403.818359	-190.941406	2.000000	-189.603516	-283.282227	-188.109375	3.000000	353.996094	49.356445	-165.304687
440.063080	0.000000	18.088867	52.602539	-1310.521484	1.000000	-233.531250	403.720703	-191.136719	2.000000	-189.701172	-282.793945	-188.011719	3.000000	354.484375	49.454102	-165.792969
440.081473	0.000000	16.916992	52.895508	-1310.619141	1.000000	-233.335937	403.427734	-190.355469	2.000000	-189.798828	-282.500977	-187.523437	3.000000	355.070312	49.454102	-166.085937
440.100982	0.000000	14.573242	52.016602	-1310.326172	1.000000	-233.531250	402.744141	-190.160156	2.000000	-190.091797	-281.817383	-187.035156	3.000000	355.656250	49.356445	-167.062500
440.121590	0.000000	11.448242	51.040039	-1311.107422	1.000000	-234.410156	402.646484	-189.867187	2.000000	-189.994141	-280.840820	-185.863281	3.000000	356.242187	49.258789	-168.332031
440.143442	0.000000	7.541992	48.403320	-1311.498047	1.000000	-235.484375	402.255859	-190.550781	2.000000	-189.603516	-279.864258	-184.691406	3.000000	357.121094	48.477539	-169.894531
440.162979	0.000000	5.393555	46.157227	-1311.400391	1.000000	-236.167969	401.767578	-191.136719	2.000000	-189.896484	-279.083008	-183.226562	3.000000	357.804687	48.184570	-170.578125
440.183575	0.000000	4.124023	45.766602	-1312.279297	1.000000	-236.558594	401.669922	-190.843750	2.000000	-189.798828	-278.887695	-182.835937	3.000000	358.097656	47.793945	-170.578125
440.203067	0.000000	2.854492	46.450195	-1312.181641	1.000000	-236.656250	401.376953	-190.355469	2.000000	-189.994141	-278.301758	-183.128906	3.000000	358.000000	47.891602	-171.066406
440.221467	0.000000	0.803711	47.231445	-1312.083984	1.000000	-236.656250	400.791016	-189.671875	2.000000	-190.677734	-278.106445	-183.031250	3.000000	358.683594	48.379883	-172.042969
440.240999	0.000000	-2.711914	47.719727	-1312.865234	1.000000	-236.851562	400.009766	-189.085937	2.000000	-190.970703	-277.422852	-183.128906	3.000000	359.464844	48.477539	-173.214844
440.261589	0.000000	-5.348633	46.547852	-1312.376953	1.000000	-237.437500	399.228516	-188.988281	2.000000	-191.068359	-276.836914	-181.957031	3.000000	360.343750	48.184570	-174.191406
440.283466	0.000000	-7.497070	44.985352	-1312.767578	1.000000	-237.925781	399.130859	-189.378906	2.000000	-190.873047	-276.055664	-180.785156	3.000000	361.125000	47.793945	-174.484375
440.302995	0.000000	-8.375977	44.301758	-1312.376953	1.000000	-238.023437	398.837891	-189.476562	2.000000	-190.970703	-275.958008	-180.785156	3.000000	361.320312	47.598633	-175.070312
440.321420	0.000000	-9.450195	44.594727	-1312.376953	1.000000	-238.218750	398.935547	-188.988281	2.000000	-190.970703	-275.860352	-180.687500	3.000000	361.515625	47.696289	-175.558594
440.340945	0.000000	-11.305664	46.450195	-1313.451172	1.000000	-237.828125	397.861328	-188.402344	2.000000	-191.458984	-275.469727	-181.175781	3.000000	362.003906	48.282227	-176.144531
440.361532	0.000000	-13.649414	48.598633	-1314.037109	1.000000	-237.828125	396.982422	-186.742187	2.000000	-192.240234	-275.372070	-181.371094	3.000000	362.589844	48.770508	-177.023437
440.381051	0.000000	-15.797852	49.477539	-1312.669922	1.000000	-237.632812	396.396484	-186.351562	2.000000	-192.533203	-274.883789	-181.273437	3.000000	364.250000	49.063477	-177.902344
440.399454	0.000000	-17.360352	49.770508	-1313.255859	1.000000	-237.730469	396.201172	-186.253906	2.000000	-192.826172	-274.981445	-180.980469	3.000000	364.250000	48.965820	-178.488281
440.419009	0.000000	-17.653320	49.282227	-1312.962891	1.000000	-238.023437	396.005859	-186.644531	2.000000	-192.630859	-274.786133	-180.687500	3.000000	364.738281	48.868164	-178.488281
440.437406	0.000000	-18.043945	49.672852	-1312.572266	1.000000	-237.925781	395.908203	-186.449219	2.000000	-192.533203	-274.786133	-180.980469	3.000000	364.542969	48.965820	-178.390625
440.456916	0.000000	-18.727539	50.942383	-1313.548828	1.000000	-237.730469	395.322266	-185.570312	2.000000	-193.021484	-274.883789	-181.175781	3.000000	364.738281	49.356445	-178.683594
440.477510	0.000000	-20.583008	53.969727	-1313.451172	1.000000	-237.339844	394.345703	-184.300781	2.000000	-193.900391	-274.786133	-181.761719	3.000000	365.421875	50.040039	-179.855469
440.497020	0.000000	-21.950195	56.508789	-1313.548828	1.000000	-236.656250	393.564453	-183.226562	2.000000	-194.291016	-274.786133	-182.738281	3.000000	365.910156	50.723633	-180.148437
440.515431	0.000000	-22.926758	58.559570	-1313.646484	1.000000	-236.070312	393.173828	-182.445312	2.000000	-194.974609	-274.981445	-182.933594	3.000000	366.105469	51.114258	-180.343750
440.534992	0.000000	-22.536133	59.340820	-1313.841797	1.000000	-235.972656	392.685547	-182.445312	2.000000	-195.169922	-275.469727	-183.226562	3.000000	366.203125	51.407227	-180.148437
440.555564	0.000000	-22.438477	60.122070	-1313.060547	1.000000	-235.875000	392.880859	-182.250000	2.000000	-195.365234	-275.665039	-183.519531	3.000000	365.714844	51.309570	-179.855469
440.575085	0.000000	-22.340820	61.000977	-1314.037109	1.000000	-235.484375	392.392578	-181.859375	2.000000	-195.462891	-275.958008	-184.007812	3.000000	365.714844	51.504883	-180.441406
440.593478	0.000000	-23.024414	63.442383	-1313.451172	1.000000	-235.289062	391.708984	-180.785156	2.000000	-196.048828	-275.958008	-184.398437	3.000000	365.714844	52.286133	-180.246094
440.612976	0.000000	-23.708008	66.469727	-1313.939453	1.000000	-234.605469	390.927734	-180.003906	2.000000	-196.439453	-276.348633	-185.570312	3.000000	366.203125	52.969727	-180.636719
440.633591	0.000000	-23.708008	70.180664	-1313.744141	1.000000	-233.921875	390.634766	-178.734375	2.000000	-197.708984	-276.836914	-186.742187	3.000000	366.105469	53.750977	-180.832031
440.653086	0.000000	-22.536133	73.110352	-1314.330078	1.000000	-233.140625	390.439453	-178.148437	2.000000	-197.806641	-277.422852	-188.109375	3.000000	366.007812	54.434570	-180.050781
440.671476	0.000000	-21.168945	74.379883	-1313.646484	1.000000	-232.457031	390.439453	-177.855469	2.000000	-197.806641	-277.715820	-188.500000	3.000000	365.617187	54.532227	-179.660156
440.691000	0.000000	-20.583008	75.649414	-1314.037109	1.000000	-232.261719	390.244141	-177.855469	2.000000	-198.294922	-278.399414	-188.890625	3.000000	365.128906	54.629883	-179.367187
440.709404	0.000000	-20.583008	76.918945	-1313.548828	1.000000	-231.871094	390.146484	-177.074219	2.000000	-198.392578	-278.594727	-188.890625	3.000000	365.128906	55.118164	-179.269531
440.728939	0.000000	-20.387695	79.555664	-1314.037109	1.000000	-231.187500	389.560547	-176.488281	2.000000	-199.173828	-278.985352	-190.355469	3.000000	364.738281	55.704102	-179.562500
440.749554	0.000000	-19.508789	83.071289	-1313.158203	1.000000	-230.308594	388.876953	-175.218750	2.000000	-199.955078	-279.766602	-191.625000	3.000000	365.031250	56.680664	-179.074219
440.769045	0.000000	-17.946289	86.879883	-1312.865234	1.000000	-229.429687	388.583984	-174.339844	2.000000	-200.541016	-280.645508	-193.089844	3.000000	364.640625	57.657227	-178.390625
440.787444	0.000000	-16.286133	89.223633	-1312.279297	1.000000	-228.453125	388.583984	-173.753906	2.000000	-201.029297	-281.524414	-194.652344	3.000000	364.054687	58.340820	-177.609375
440.807022	0.000000	-14.333008	91.274414	-1312.669922	1.000000	-228.257812	388.779297	-173.656250	2.000000	-200.833984	-282.208008	-195.335937	3.000000	363.371094	58.438477	-176.925781
440.825421	0.000000	-13.258789	92.153320	-1312.083984	1.000000	-227.867187	388.681641	-173.363281	2.000000	-201.224609	-282.500977	-195.726562	3.000000	362.785156	58.633789	-176.828125
440.844931	0.000000	-12.379883	93.715820	-1312.279297	1.000000	-227.574219	388.486328	-173.265625	2.000000	-201.224609	-283.086914	-196.117187	3.000000	362.687500	58.926758	-176.242187
440.865494	0.000000	-11.012695	96.450195	-1312.572266	1.000000	-226.695312	388.095703	-172.289062	2.000000	-201.615234	-283.868164	-197.582031	3.000000	362.589844	59.415039	-175.851562
440.885032	0.000000	-8.961914	100.161133	-1311.986328	1.000000	-225.816406	387.900391	-171.605469	2.000000	-202.201172	-284.747070	-199.437500	3.000000	361.710937	60.586914	-174.972656
440.903409	0.000000	-6.520508	103.774414	-1311.986328	1.000000	-224.546875	387.802734	-170.824219	2.000000	-202.787109	-285.528320	-201.292969	3.000000	361.222656	61.172852	-173.800781
440.922986	0.000000	-4.274414	106.215820	-1311.205078	1.000000	-223.863281	387.705078	-170.433594	2.000000	-202.982422	-286.504883	-202.562500	3.000000	360.441406	61.563477	-172.921875
440.943581	0.000000	-2.125977	107.778320	-1310.228516	1.000000	-223.375000	387.802734	-169.847656	2.000000	-203.080078	-287.481445	-202.855469	3.000000	359.855469	61.856445	-172.531250
440.963087	0.000000	-0.856445	108.364258	-1310.228516	1.000000	-222.886719	388.095703	-170.628906	2.000000	-202.982422	-287.676758	-203.929687	3.000000	359.660156	62.051758	-172.238281
440.981462	0.000000	1.194336	109.926758	-1309.935547	1.000000	-222.496094	388.193359	-170.335937	2.000000	-202.689453	-288.360352	-204.320312	3.000000	359.367187	62.247070	-171.652344
441.000998	0.000000	3.538086	112.270508	-1309.740234	1.000000	-221.617187	388.095703	-169.945312	2.000000	-203.373047	-289.336914	-205.687500	3.000000	358.195312	62.637695	-170.480469
441.019395	0.000000	6.467773	114.907227	-1308.958984	1.000000	-220.640625	388.388672	-169.359375	2.000000	-203.763672	-290.606445	-207.347656	3.000000	357.511719	63.125977	-169.210937
441.038958	0.000000	9.104492	117.836914	-1308.958984	1.000000	-219.957031	388.291016	-168.480469	2.000000	-203.861328	-291.583008	-209.203125	3.000000	356.339844	64.102539	-168.234375
441.059536	0.000000	11.057617	120.083008	-1307.689453	1.000000	-219.078125	388.291016	-168.382812	2.000000	-204.154297	-292.071289	-210.082031	3.000000	355.558594	64.395508	-167.453125
441.079071	0.000000	12.522461	121.059570	-1307.494141	1.000000	-218.785156	388.486328	-168.089844	2.000000	-204.154297	-292.754883	-210.570312	3.000000	355.656250	64.590820	-167.062500
441.097457	0.000000	14.670898	120.961914	-1307.396484	1.000000	-218.589844	388.779297	-168.382812	2.000000	-203.958984	-293.243164	-210.863281	3.000000	355.070312	64.200195	-166.281250
441.116992	0.000000	17.405273	121.547852	-1307.005859	1.000000	-218.296875	389.267578	-168.968750	2.000000	-203.568359	-294.024414	-211.351562	3.000000	353.800781	64.200195	-165.402344
441.137562	0.000000	20.823242	123.696289	-1306.517578	1.000000	-217.710937	389.462891	-168.773437	2.000000	-203.958984	-295.000977	-212.914062	3.000000	352.921875	64.590820	-163.937500
