num crossings	time (s)	maj axis (mm)	min axis (mm)	theta (rad )	slope (V/s)
2051	2634.024479	110.674902	12.858763	-1.466091	135.696146
2053	2636.114979	110.507836	12.951812	-1.468922	150.418704
2055	2638.204069	110.744332	13.067702	-1.466713	137.403102
2059	2642.377434	110.065306	13.121802	-1.454443	135.247394
2061	2644.464463	109.883562	13.229663	-1.450754	138.179534
2063	2646.552357	109.568626	13.198858	-1.445233	143.909658
2067	2650.731373	109.401304	13.404577	-1.441104	142.684041
2069	2652.820748	109.173049	13.500406	-1.440092	143.107880
2071	2654.909994	109.090236	13.548979	-1.437876	137.150953
2075	2659.087298	108.796995	13.666556	-1.430420	136.703112
2077	2661.175391	108.598468	13.759897	-1.428714	146.612514
2079	2663.263329	108.480327	13.803208	-1.425649	146.129187
2083	2667.438228	108.108459	13.922326	-1.420086	136.414778
2085	2669.525720	107.826470	13.970632	-1.418345	139.889420
2087	2671.613537	107.525847	13.938137	-1.415376	136.276394
2091	2675.792612	106.907165	14.096507	-1.406296	144.533517
2093	2677.883136	107.098303	14.209103	-1.401552	155.736274
2095	2679.972916	107.274538	14.266429	-1.397185	136.692057
2099	2684.147856	107.177064	14.387675	-1.395275	142.415106
2101	2686.234382	106.403420	14.356103	-1.390999	136.197081
2103	2688.321339	106.337632	14.453547	-1.390315	138.242177
2107	2692.497379	105.713455	14.488627	-1.382949	154.471817
2109	2694.585829	105.534397	14.547567	-1.378808	146.129694
2111	2696.674378	105.488083	14.650875	-1.377676	141.926228
2115	2700.851006	105.196269	14.734771	-1.370176	135.711373
2117	2702.939037	105.058237	14.773275	-1.366071	140.037886
2121	2707.115553	104.695905	14.839963	-1.355641	135.038622
2123	2709.204536	104.579803	14.913757	-1.353458	136.501968
2125	2711.294048	104.122333	14.914062	-1.349446	135.963346
2129	2715.473848	104.220542	15.109301	-1.349300	135.514233
2131	2717.562796	103.846619	15.056837	-1.346244	139.400545
2133	2719.650460	103.929450	15.154629	-1.342258	131.018895
2137	2723.824060	103.456969	15.212005	-1.331861	133.805849
2139	2725.911107	103.210176	15.207050	-1.326546	139.304644
2141	2727.998671	103.056251	15.245733	-1.322872	134.827840
2145	2732.175643	103.018796	15.355953	-1.317579	135.555789
2147	2734.264036	102.714518	15.389771	-1.313403	131.585343
2149	2736.352489	102.443583	15.421616	-1.309698	134.804357
2153	2740.528963	102.359836	15.551884	-1.306320	133.411243
2155	2742.616960	102.094141	15.555709	-1.301606	135.486857
2159	2746.793808	101.744750	15.636344	-1.297690	128.802786
2161	2748.882787	101.400585	15.654576	-1.290757	131.816549
2163	2750.972589	101.244744	15.699237	-1.286706	127.192822
2167	2755.152321	101.435953	15.726844	-1.278181	128.218136
2169	2757.241151	101.386380	15.856588	-1.274899	131.481399
2171	2759.329041	101.112168	15.845383	-1.271428	135.028924
2175	2763.503110	100.726476	15.953587	-1.267443	147.519414
2177	2765.589803	100.724797	15.973709	-1.264463	132.116076
2179	2767.677354	100.388774	16.014956	-1.260932	134.230264
2183	2771.853203	100.008162	16.019128	-1.253690	133.442737
2185	2773.941358	99.872515	16.077773	-1.248309	129.477041
2187	2776.029653	99.729621	16.107171	-1.245905	128.556785
2191	2780.206482	99.546793	16.144026	-1.237941	127.938298
2193	2782.295273	99.202955	16.158790	-1.232600	132.853572
2195	2784.384360	99.146703	16.208636	-1.229148	127.261607
2199	2788.563710	98.662564	16.239072	-1.224455	128.642243
2201	2790.653123	98.597982	16.299546	-1.224026	134.457099
2203	2792.742157	98.629651	16.329178	-1.221077	130.290539
2207	2796.917151	98.429376	16.363688	-1.210739	130.020492
2209	2799.004118	98.093348	16.341727	-1.204077	136.434357
2213	2803.178360	97.789966	16.373672	-1.196706	126.319139
2215	2805.266321	97.670623	16.388660	-1.193260	124.835793
2219	2809.442001	97.667480	16.454394	-1.188258	123.833973
2221	2811.530182	97.494134	16.477685	-1.185190	129.453069
2223	2813.618705	97.332430	16.471927	-1.182163	124.977351
2227	2817.795606	96.713030	16.475235	-1.173696	125.611952
2229	2819.884531	96.659532	16.520642	-1.170975	123.245789
2231	2821.973819	96.461450	16.534355	-1.165451	121.256361
2235	2826.152785	96.277894	16.470365	-1.157570	126.957488
2237	2828.242062	96.259450	16.597162	-1.152023	122.717862
2239	2830.330710	96.094081	16.574329	-1.147370	126.553096
2243	2834.505812	95.948557	16.663313	-1.142383	126.783230
2245	2836.592880	95.785230	16.687574	-1.139036	125.031103
2247	2838.680052	95.557796	16.670578	-1.134803	124.385088
2251	2842.854961	95.308117	16.663138	-1.128825	123.286734
2253	2844.942986	95.236808	16.725439	-1.124787	123.129583
2255	2847.031068	95.070128	16.714552	-1.120102	128.074539
2259	2851.207746	94.787240	16.724973	-1.112879	122.506420
2261	2853.296515	94.547861	16.712508	-1.107724	120.354960
2263	2855.385246	94.410646	16.745745	-1.104704	120.570719
2267	2859.564018	93.964566	16.717737	-1.098926	119.906051
2269	2861.653252	93.608122	16.818517	-1.097355	123.481544
2271	2863.742257	93.872110	16.767013	-1.095181	121.506346
2275	2867.918066	93.694960	16.786914	-1.086279	117.796979
2277	2870.005367	93.293272	16.741202	-1.079351	122.442228
2279	2872.092739	93.324251	16.783801	-1.076196	122.849493
2283	2876.267390	93.110334	16.818676	-1.069087	117.378543
2285	2878.355060	92.946177	16.770521	-1.064760	118.527719
2287	2880.443028	92.782846	16.759838	-1.061190	116.625206
2291	2884.619621	92.408723	16.760856	-1.055410	118.071981
2293	2886.708057	92.422878	16.788209	-1.051060	115.050125
2295	2888.796931	92.337594	16.799845	-1.046255	118.669177
2299	2892.975072	91.997501	16.760263	-1.038312	117.783023
2301	2895.064465	91.917451	16.753846	-1.034303	118.720744
2303	2897.153447	91.599465	16.784507	-1.030165	118.422171
2307	2901.329599	91.557423	16.689009	-1.023620	115.210567
2309	2903.416677	91.537790	16.736039	-1.019891	120.187795
2311	2905.503971	91.272863	16.724841	-1.017497	115.068370
2315	2909.678210	91.048951	16.715878	-1.010279	115.195161
2317	2911.765671	90.978234	16.733103	-1.005447	115.837966
2319	2913.853399	90.959959	16.757925	-1.001339	115.604909
2323	2918.029818	90.624745	16.741756	-0.994307	114.666964
2325	2920.118397	90.320230	16.708210	-0.990463	113.418174
2327	2922.207078	90.186326	16.738668	-0.986820	112.064866
2331	2926.385426	89.824998	16.693787	-0.980731	118.191700
2333	2928.474734	89.688648	16.701865	-0.978807	113.457720
2337	2932.651926	89.543788	16.674257	-0.974562	112.931859
2339	2934.740105	89.427265	16.635658	-0.970350	109.980322
