crossing time (s)	slope (V/s)	crossing number
281474976710655.000000	161.623291	2621	0.000000
281474976710655.000000	Inf	2622	0.000000
281474976710655.000000	156.124329	2623	0.000000
281474976710655.000000	Inf	2624	0.000000
281474976710655.000000	Inf	2625	0.000000
281474976710655.000000	Inf	2626	0.000000
281474976710655.000000	Inf	2627	0.000000
281474976710655.000000	Inf	2628	0.000000
281474976710655.000000	148.449219	2629	0.000000
281474976710655.000000	Inf	2630	0.000000
281474976710655.000000	149.712997	2631	0.000000
281474976710655.000000	152.422379	2632	0.000000
281474976710655.000000	151.197357	2633	0.000000
281474976710655.000000	156.219864	2634	0.000000
281474976710655.000000	145.262283	2635	0.000000
281474976710655.000000	153.632874	2636	0.000000
281474976710655.000000	150.147568	2637	0.000000
281474976710655.000000	152.430405	2638	0.000000
281474976710655.000000	150.241440	2639	0.000000
281474976710655.000000	Inf	2640	0.000000
281474976710655.000000	Inf	2641	0.000000
281474976710655.000000	Inf	2642	0.000000
281474976710655.000000	Inf	2643	0.000000
281474976710655.000000	Inf	2644	0.000000
281474976710655.000000	Inf	2645	0.000000
281474976710655.000000	155.103195	2646	0.000000
281474976710655.000000	143.596603	2647	0.000000
281474976710655.000000	Inf	2648	0.000000
281474976710655.000000	Inf	2649	0.000000
281474976710655.000000	Inf	2650	0.000000
281474976710655.000000	Inf	2651	0.000000
281474976710655.000000	Inf	2652	0.000000
281474976710655.000000	147.457840	2653	0.000000
281474976710655.000000	154.720505	2654	0.000000
281474976710655.000000	147.843369	2655	0.000000
281474976710655.000000	Inf	2656	0.000000
281474976710655.000000	147.089859	2657	0.000000
281474976710655.000000	Inf	2658	0.000000
281474976710655.000000	138.802719	2659	0.000000
281474976710655.000000	148.002518	2660	0.000000
281474976710655.000000	Inf	2661	0.000000
281474976710655.000000	143.582993	2662	0.000000
281474976710655.000000	146.494629	2663	0.000000
281474976710655.000000	Inf	2664	0.000000
281474976710655.000000	Inf	2665	0.000000
281474976710655.000000	73.283234	2666	0.000000
281474976710655.000000	143.464706	2667	0.000000
281474976710655.000000	147.399139	2668	0.000000
281474976710655.000000	69.726097	2669	0.000000
281474976710655.000000	Inf	2670	0.000000
281474976710655.000000	139.788742	2671	0.000000
281474976710655.000000	Inf	2672	0.000000
281474976710655.000000	141.732788	2673	0.000000
281474976710655.000000	Inf	2674	0.000000
281474976710655.000000	137.353088	2675	0.000000
281474976710655.000000	Inf	2676	0.000000
281474976710655.000000	Inf	2677	0.000000
281474976710655.000000	71.284157	2678	0.000000
281474976710655.000000	140.805908	2679	0.000000
281474976710655.000000	143.293793	2680	0.000000
281474976710655.000000	136.256042	2681	0.000000
281474976710655.000000	Inf	2682	0.000000
281474976710655.000000	Inf	2683	0.000000
281474976710655.000000	145.927628	2684	0.000000
281474976710655.000000	Inf	2685	0.000000
281474976710655.000000	67.662483	2686	0.000000
281474976710655.000000	Inf	2687	0.000000
281474976710655.000000	Inf	2688	0.000000
281474976710655.000000	139.340393	2689	0.000000
281474976710655.000000	Inf	2690	0.000000
281474976710655.000000	Inf	2691	0.000000
281474976710655.000000	139.809937	2692	0.000000
281474976710655.000000	142.955185	2693	0.000000
281474976710655.000000	139.014114	2694	0.000000
281474976710655.000000	136.201462	2695	0.000000
281474976710655.000000	138.735901	2696	0.000000
281474976710655.000000	Inf	2697	0.000000
281474976710655.000000	Inf	2698	0.000000
281474976710655.000000	139.226730	2699	0.000000
281474976710655.000000	135.424500	2700	0.000000
281474976710655.000000	Inf	2701	0.000000
281474976710655.000000	140.979538	2702	0.000000
281474976710655.000000	133.426453	2703	0.000000
281474976710655.000000	138.073151	2704	0.000000
281474976710655.000000	136.072189	2705	0.000000
281474976710655.000000	138.694214	2706	0.000000
281474976710655.000000	130.549438	2707	0.000000
281474976710655.000000	Inf	2708	0.000000
281474976710655.000000	Inf	2709	0.000000
281474976710655.000000	Inf	2710	0.000000
281474976710655.000000	132.971237	2711	0.000000
281474976710655.000000	Inf	2712	0.000000
281474976710655.000000	132.931763	2713	0.000000
281474976710655.000000	135.546494	2714	0.000000
281474976710655.000000	125.579727	2715	0.000000
281474976710655.000000	Inf	2716	0.000000
281474976710655.000000	67.736809	2717	0.000000
281474976710655.000000	136.775085	2718	0.000000
281474976710655.000000	Inf	2719	0.000000
281474976710655.000000	Inf	2720	0.000000
281474976710655.000000	129.686539	2721	0.000000
281474976710655.000000	65.930435	2722	0.000000
281474976710655.000000	Inf	2723	0.000000
281474976710655.000000	136.022186	2724	0.000000
281474976710655.000000	130.265778	2725	0.000000
281474976710655.000000	Inf	2726	0.000000
281474976710655.000000	131.220520	2727	0.000000
281474976710655.000000	Inf	2728	0.000000
281474976710655.000000	132.654739	2729	0.000000
281474976710655.000000	131.991196	2730	0.000000
281474976710655.000000	136.483139	2731	0.000000
281474976710655.000000	135.804306	2732	0.000000
281474976710655.000000	130.889175	2733	0.000000
281474976710655.000000	133.209702	2734	0.000000
281474976710655.000000	131.919952	2735	0.000000
281474976710655.000000	Inf	2736	0.000000
281474976710655.000000	63.350460	2737	0.000000
281474976710655.000000	Inf	2738	0.000000
281474976710655.000000	125.234848	2739	0.000000
281474976710655.000000	130.685974	2740	0.000000
281474976710655.000000	126.831253	2741	0.000000
281474976710655.000000	62.963459	2742	0.000000
281474976710655.000000	63.799362	2743	0.000000
281474976710655.000000	127.513649	2744	0.000000
281474976710655.000000	63.495987	2745	0.000000
281474976710655.000000	121.304802	2746	0.000000
281474976710655.000000	129.284729	2747	0.000000
281474976710655.000000	Inf	2748	0.000000
281474976710655.000000	133.447098	2749	0.000000
281474976710655.000000	126.219269	2750	0.000000
281474976710655.000000	128.558731	2751	0.000000
281474976710655.000000	129.372192	2752	0.000000
281474976710655.000000	124.741348	2753	0.000000
281474976710655.000000	132.988998	2754	0.000000
281474976710655.000000	Inf	2755	0.000000
281474976710655.000000	124.148376	2756	0.000000
281474976710655.000000	131.633591	2757	0.000000
281474976710655.000000	64.276588	2758	0.000000
281474976710655.000000	63.624889	2759	0.000000
281474976710655.000000	63.928101	2760	0.000000
281474976710655.000000	126.383766	2761	0.000000
281474976710655.000000	124.093170	2762	0.000000
281474976710655.000000	Inf	2763	0.000000
281474976710655.000000	124.193954	2764	0.000000
281474976710655.000000	131.381638	2765	0.000000
281474976710655.000000	127.212700	2766	0.000000
281474976710655.000000	Inf	2767	0.000000
281474976710655.000000	64.288216	2768	0.000000
281474976710655.000000	125.864128	2769	0.000000
281474976710655.000000	125.612251	2770	0.000000
281474976710655.000000	121.217377	2771	0.000000
281474976710655.000000	117.813957	2772	0.000000
281474976710655.000000	Inf	2773	0.000000
281474976710655.000000	Inf	2774	0.000000
281474976710655.000000	125.585640	2775	0.000000
281474976710655.000000	117.951637	2776	0.000000
281474976710655.000000	126.268753	2777	0.000000
