crossing time (s)	slope (V/s)	crossing number
281474976710655.000000	126.688248	1573	0.000000
281474976710655.000000	58.788895	1574	0.000000
281474976710655.000000	Inf	1575	0.000000
281474976710655.000000	60.335937	1576	0.000000
281474976710655.000000	120.571205	1577	0.000000
281474976710655.000000	122.190231	1578	0.000000
281474976710655.000000	129.911316	1579	0.000000
281474976710655.000000	62.490555	1580	0.000000
281474976710655.000000	Inf	1581	0.000000
281474976710655.000000	Inf	1582	0.000000
281474976710655.000000	125.648560	1583	0.000000
281474976710655.000000	Inf	1584	0.000000
281474976710655.000000	124.099663	1585	0.000000
281474976710655.000000	127.720711	1586	0.000000
281474976710655.000000	Inf	1587	0.000000
281474976710655.000000	58.755276	1588	0.000000
281474976710655.000000	122.337730	1589	0.000000
281474976710655.000000	Inf	1590	0.000000
281474976710655.000000	118.993759	1591	0.000000
281474976710655.000000	59.015450	1592	0.000000
281474976710655.000000	125.528206	1593	0.000000
281474976710655.000000	60.587219	1594	0.000000
281474976710655.000000	121.818733	1595	0.000000
281474976710655.000000	120.670418	1596	0.000000
281474976710655.000000	Inf	1597	0.000000
281474976710655.000000	Inf	1598	0.000000
281474976710655.000000	Inf	1599	0.000000
281474976710655.000000	121.259109	1600	0.000000
281474976710655.000000	116.132507	1601	0.000000
281474976710655.000000	117.054985	1602	0.000000
281474976710655.000000	122.192093	1603	0.000000
281474976710655.000000	124.717285	1604	0.000000
281474976710655.000000	119.276543	1605	0.000000
281474976710655.000000	120.996231	1606	0.000000
281474976710655.000000	119.415565	1607	0.000000
281474976710655.000000	110.617523	1608	0.000000
281474976710655.000000	119.013641	1609	0.000000
281474976710655.000000	120.380173	1610	0.000000
281474976710655.000000	115.877518	1611	0.000000
281474976710655.000000	121.002686	1612	0.000000
281474976710655.000000	122.364967	1613	0.000000
281474976710655.000000	Inf	1614	0.000000
281474976710655.000000	119.869194	1615	0.000000
281474976710655.000000	Inf	1616	0.000000
281474976710655.000000	120.826691	1617	0.000000
281474976710655.000000	117.469833	1618	0.000000
281474976710655.000000	115.020622	1619	0.000000
281474976710655.000000	120.256142	1620	0.000000
281474976710655.000000	119.579819	1621	0.000000
281474976710655.000000	116.183105	1622	0.000000
281474976710655.000000	120.128143	1623	0.000000
281474976710655.000000	117.751106	1624	0.000000
281474976710655.000000	116.459969	1625	0.000000
281474976710655.000000	60.194309	1626	0.000000
281474976710655.000000	117.127197	1627	0.000000
281474976710655.000000	115.520180	1628	0.000000
281474976710655.000000	116.992111	1629	0.000000
281474976710655.000000	115.245041	1630	0.000000
281474976710655.000000	112.085228	1631	0.000000
281474976710655.000000	55.850868	1632	0.000000
281474976710655.000000	114.103897	1633	0.000000
281474976710655.000000	76.032860	1634	0.000000
281474976710655.000000	120.062462	1635	0.000000
281474976710655.000000	111.514259	1636	0.000000
281474976710655.000000	Inf	1637	0.000000
281474976710655.000000	112.360397	1638	0.000000
281474976710655.000000	115.600471	1639	0.000000
281474976710655.000000	113.226418	1640	0.000000
281474976710655.000000	111.633659	1641	0.000000
281474976710655.000000	112.396271	1642	0.000000
281474976710655.000000	Inf	1643	0.000000
281474976710655.000000	114.760147	1644	0.000000
281474976710655.000000	113.019150	1645	0.000000
281474976710655.000000	113.468773	1646	0.000000
281474976710655.000000	112.830383	1647	0.000000
281474976710655.000000	55.492088	1648	0.000000
281474976710655.000000	Inf	1649	0.000000
281474976710655.000000	55.237019	1650	0.000000
281474976710655.000000	113.098503	1651	0.000000
281474976710655.000000	109.323570	1652	0.000000
281474976710655.000000	106.211487	1653	0.000000
281474976710655.000000	105.758713	1654	0.000000
281474976710655.000000	108.725548	1655	0.000000
281474976710655.000000	106.524117	1656	0.000000
281474976710655.000000	110.014618	1657	0.000000
281474976710655.000000	108.675484	1658	0.000000
281474976710655.000000	55.275131	1659	0.000000
281474976710655.000000	Inf	1660	0.000000
281474976710655.000000	103.681877	1661	0.000000
281474976710655.000000	106.492119	1662	0.000000
281474976710655.000000	108.127007	1663	0.000000
281474976710655.000000	Inf	1664	0.000000
281474976710655.000000	115.365753	1665	0.000000
281474976710655.000000	106.213203	1666	0.000000
281474976710655.000000	55.889763	1667	0.000000
281474976710655.000000	107.468933	1668	0.000000
281474976710655.000000	108.530830	1669	0.000000
281474976710655.000000	Inf	1670	0.000000
281474976710655.000000	53.103111	1671	0.000000
281474976710655.000000	112.248360	1672	0.000000
281474976710655.000000	104.488701	1673	0.000000
281474976710655.000000	106.629105	1674	0.000000
281474976710655.000000	109.542503	1675	0.000000
281474976710655.000000	105.567146	1676	0.000000
281474976710655.000000	107.671997	1677	0.000000
281474976710655.000000	107.260101	1678	0.000000
281474976710655.000000	107.495171	1679	0.000000
281474976710655.000000	70.745438	1680	0.000000
281474976710655.000000	53.936363	1681	0.000000
281474976710655.000000	Inf	1682	0.000000
281474976710655.000000	Inf	1683	0.000000
281474976710655.000000	104.108330	1684	0.000000
281474976710655.000000	106.062828	1685	0.000000
281474976710655.000000	107.902580	1686	0.000000
281474976710655.000000	Inf	1687	0.000000
281474976710655.000000	105.770355	1688	0.000000
281474976710655.000000	Inf	1689	0.000000
281474976710655.000000	105.288483	1690	0.000000
281474976710655.000000	103.443207	1691	0.000000
281474976710655.000000	Inf	1692	0.000000
281474976710655.000000	Inf	1693	0.000000
281474976710655.000000	Inf	1694	0.000000
281474976710655.000000	104.960152	1695	0.000000
281474976710655.000000	103.962898	1696	0.000000
281474976710655.000000	99.773819	1697	0.000000
281474976710655.000000	Inf	1698	0.000000
281474976710655.000000	101.705437	1699	0.000000
281474976710655.000000	104.064827	1700	0.000000
281474976710655.000000	109.075607	1701	0.000000
281474976710655.000000	103.813316	1702	0.000000
281474976710655.000000	103.110077	1703	0.000000
281474976710655.000000	105.183899	1704	0.000000
281474976710655.000000	102.338364	1705	0.000000
281474976710655.000000	101.772652	1706	0.000000
281474976710655.000000	52.416725	1707	0.000000
281474976710655.000000	Inf	1708	0.000000
281474976710655.000000	102.697815	1709	0.000000
281474976710655.000000	101.642403	1710	0.000000
281474976710655.000000	99.292984	1711	0.000000
281474976710655.000000	103.733215	1712	0.000000
281474976710655.000000	99.885605	1713	0.000000
281474976710655.000000	103.369240	1714	0.000000
281474976710655.000000	106.637146	1715	0.000000
281474976710655.000000	202.578201	1716	0.000000
281474976710655.000000	205.007660	1717	0.000000
281474976710655.000000	99.788300	1718	0.000000
281474976710655.000000	99.110825	1719	0.000000
281474976710655.000000	Inf	1720	0.000000
281474976710655.000000	203.157364	1721	0.000000
281474976710655.000000	49.255112	1722	0.000000
281474976710655.000000	97.601761	1723	0.000000
281474976710655.000000	66.982262	1724	0.000000
281474976710655.000000	67.944992	1725	0.000000
281474976710655.000000	100.580986	1726	0.000000
281474976710655.000000	101.112907	1727	0.000000
281474976710655.000000	49.643669	1728	0.000000
281474976710655.000000	93.673813	1729	0.000000
281474976710655.000000	49.145092	1730	0.000000
281474976710655.000000	102.142029	1731	0.000000
281474976710655.000000	Inf	1732	0.000000
281474976710655.000000	Inf	1733	0.000000
281474976710655.000000	101.589478	1734	0.000000
281474976710655.000000	99.022568	1735	0.000000
281474976710655.000000	49.652409	1736	0.000000
281474976710655.000000	190.893707	1737	0.000000
281474976710655.000000	98.680550	1738	0.000000
281474976710655.000000	Inf	1739	0.000000
281474976710655.000000	49.246403	1740	0.000000
281474976710655.000000	Inf	1741	0.000000
281474976710655.000000	65.555122	1742	0.000000
281474976710655.000000	196.704514	1743	0.000000
281474976710655.000000	Inf	1744	0.000000
281474976710655.000000	Inf	1745	0.000000
281474976710655.000000	98.904823	1746	0.000000
281474976710655.000000	102.547050	1747	0.000000
281474976710655.000000	63.797649	1748	0.000000
281474976710655.000000	92.970619	1749	0.000000
281474976710655.000000	97.020454	1750	0.000000
281474976710655.000000	97.602982	1751	0.000000
281474976710655.000000	98.589355	1752	0.000000
281474976710655.000000	95.481392	1753	0.000000
281474976710655.000000	96.354805	1754	0.000000
281474976710655.000000	93.026611	1755	0.000000
281474976710655.000000	Inf	1756	0.000000
281474976710655.000000	190.481964	1757	0.000000
281474976710655.000000	97.170341	1758	0.000000
281474976710655.000000	64.147087	1759	0.000000
281474976710655.000000	97.345703	1760	0.000000
281474976710655.000000	45.652149	1761	0.000000
281474976710655.000000	95.879433	1762	0.000000
281474976710655.000000	92.491447	1763	0.000000
281474976710655.000000	Inf	1764	0.000000
281474976710655.000000	95.339111	1765	0.000000
281474976710655.000000	95.216583	1766	0.000000
281474976710655.000000	96.787209	1767	0.000000
281474976710655.000000	97.663414	1768	0.000000
281474976710655.000000	Inf	1769	0.000000
281474976710655.000000	95.419617	1770	0.000000
281474976710655.000000	95.774467	1771	0.000000
281474976710655.000000	93.567795	1772	0.000000
281474976710655.000000	94.793449	1773	0.000000
281474976710655.000000	96.708733	1774	0.000000
281474976710655.000000	48.353943	1775	0.000000
281474976710655.000000	Inf	1776	0.000000
281474976710655.000000	93.410561	1777	0.000000
281474976710655.000000	63.382389	1778	0.000000
281474976710655.000000	90.858826	1779	0.000000
281474976710655.000000	62.420628	1780	0.000000
281474976710655.000000	99.530518	1781	0.000000
281474976710655.000000	Inf	1782	0.000000
281474976710655.000000	94.589912	1783	0.000000
281474976710655.000000	94.658913	1784	0.000000
281474976710655.000000	182.927261	1785	0.000000
281474976710655.000000	89.680504	1786	0.000000
281474976710655.000000	93.358406	1787	0.000000
281474976710655.000000	61.976791	1788	0.000000
281474976710655.000000	Inf	1789	0.000000
281474976710655.000000	190.732437	1790	0.000000
281474976710655.000000	Inf	1791	0.000000
281474976710655.000000	93.511734	1792	0.000000
281474976710655.000000	Inf	1793	0.000000
281474976710655.000000	44.097076	1794	0.000000
281474976710655.000000	92.271164	1795	0.000000
281474976710655.000000	90.906975	1796	0.000000
281474976710655.000000	92.040695	1797	0.000000
281474976710655.000000	62.152912	1798	0.000000
281474976710655.000000	90.232719	1799	0.000000
281474976710655.000000	Inf	1800	0.000000
281474976710655.000000	90.118889	1801	0.000000
281474976710655.000000	184.692368	1802	0.000000
281474976710655.000000	59.734600	1803	0.000000
281474976710655.000000	89.357384	1804	0.000000
281474976710655.000000	87.904839	1805	0.000000
281474976710655.000000	188.055557	1806	0.000000
281474976710655.000000	Inf	1807	0.000000
281474976710655.000000	91.176949	1808	0.000000
281474976710655.000000	91.350250	1809	0.000000
281474976710655.000000	87.814072	1810	0.000000
281474976710655.000000	89.099236	1811	0.000000
281474976710655.000000	45.273586	1812	0.000000
281474976710655.000000	90.477501	1813	0.000000
281474976710655.000000	90.246025	1814	0.000000
281474976710655.000000	180.118927	1815	0.000000
281474976710655.000000	89.326920	1816	0.000000
281474976710655.000000	58.675999	1817	0.000000
281474976710655.000000	60.567127	1818	0.000000
281474976710655.000000	Inf	1819	0.000000
281474976710655.000000	90.434158	1820	0.000000
281474976710655.000000	169.049728	1821	0.000000
281474976710655.000000	91.900780	1822	0.000000
281474976710655.000000	45.105705	1823	0.000000
281474976710655.000000	60.338490	1824	0.000000
281474976710655.000000	88.959251	1825	0.000000
281474976710655.000000	86.526215	1826	0.000000
281474976710655.000000	58.669247	1827	0.000000
281474976710655.000000	88.083397	1828	0.000000
281474976710655.000000	86.587822	1829	0.000000
281474976710655.000000	182.809204	1830	0.000000
281474976710655.000000	86.798340	1831	0.000000
281474976710655.000000	88.319916	1832	0.000000
281474976710655.000000	88.970802	1833	0.000000
281474976710655.000000	87.511841	1834	0.000000
281474976710655.000000	43.898937	1835	0.000000
281474976710655.000000	92.375687	1836	0.000000
281474976710655.000000	86.142235	1837	0.000000
281474976710655.000000	88.850479	1838	0.000000
281474976710655.000000	83.962402	1839	0.000000
281474976710655.000000	85.094566	1840	0.000000
281474976710655.000000	86.122078	1841	0.000000
281474976710655.000000	174.325027	1842	0.000000
281474976710655.000000	169.966171	1843	0.000000
281474976710655.000000	58.292641	1844	0.000000
281474976710655.000000	170.033722	1845	0.000000
281474976710655.000000	84.984215	1846	0.000000
281474976710655.000000	86.645363	1847	0.000000
281474976710655.000000	84.110550	1848	0.000000
281474976710655.000000	84.397629	1849	0.000000
281474976710655.000000	170.605835	1850	0.000000
281474976710655.000000	56.753029	1851	0.000000
281474976710655.000000	85.218384	1852	0.000000
281474976710655.000000	176.905914	1853	0.000000
281474976710655.000000	85.314308	1854	0.000000
281474976710655.000000	84.630432	1855	0.000000
281474976710655.000000	173.906769	1856	0.000000
281474976710655.000000	85.379547	1857	0.000000
281474976710655.000000	170.283127	1858	0.000000
281474976710655.000000	173.249588	1859	0.000000
281474976710655.000000	55.271118	1860	0.000000
281474976710655.000000	85.499245	1861	0.000000
281474976710655.000000	84.696976	1862	0.000000
281474976710655.000000	80.964943	1863	0.000000
281474976710655.000000	55.119774	1864	0.000000
281474976710655.000000	40.931118	1865	0.000000
281474976710655.000000	54.809601	1866	0.000000
281474976710655.000000	87.520554	1867	0.000000
281474976710655.000000	84.549187	1868	0.000000
281474976710655.000000	84.583580	1869	0.000000
281474976710655.000000	81.001709	1870	0.000000
281474976710655.000000	82.421997	1871	0.000000
281474976710655.000000	41.178715	1872	0.000000
281474976710655.000000	81.282227	1873	0.000000
281474976710655.000000	163.643631	1874	0.000000
281474976710655.000000	54.984947	1875	0.000000
281474976710655.000000	84.652298	1876	0.000000
281474976710655.000000	80.373802	1877	0.000000
281474976710655.000000	41.877186	1878	0.000000
281474976710655.000000	80.239967	1879	0.000000
